function [distance, thickness] = ProcessTheSampleSignalByFFT(TxPulse)

%% Initialization , information can be extracted from .bin file
SampleRate = [15000000];

PulseLength = 45;

fHigh = 3800000;

fLow = 300000;

RxSignal = [6.1035156e-05;6.1035156e-05;0;0.00073242188;0.00064086914;0;0.00091552734;0.00042724609;0;9.1552734e-05;0.00015258789;0.00015258789;0.00057983398;0.00085449219;0.00039672852;0.00036621094;0.0011291504;0.00097656250;0.00082397461;0;3.0517578e-05;0.00039672852;0;0.00012207031;0.00039672852;0.00039672852;0.00051879883;0;0.00024414063;0.00030517578;0.00030517578;0.00036621094;0.00061035156;0;0;0.00021362305;0;0.00021362305;0;0.0011901855;0;0.00054931641;0;0.00042724609;0;0.00021362305;0;0;0.00024414063;0.00030517578;0;9.1552734e-05;0.00051879883;0.00094604492;0.00036621094;0;0.00067138672;0.00033569336;0.00057983398;0;0.0013732910;0;0;0;0.00030517578;0.00054931641;9.1552734e-05;0.00030517578;0;0;0;0.00054931641;0;0.00030517578;0;0.00030517578;0;0.00018310547;0;0.00030517578;0.00051879883;0;0.00064086914;0.00054931641;0;0;0.00061035156;9.1552734e-05;0;0.00064086914;0;0;0.00027465820;0.00064086914;0.00030517578;0.00057983398;0.00054931641;0.00024414063;3.0517578e-05;0.00057983398;0;0;0.00042724609;0.00076293945;0.00027465820;0.00051879883;0;0.00042724609;0.00033569336;0;0.00088500977;0.00054931641;3.0517578e-05;0;0.0010070801;0.00079345703;0;6.1035156e-05;0.00027465820;0.00033569336;0;0.00045776367;0;0;0;0.00024414063;0;0.00051879883;0.00042724609;0.00048828125;0.00021362305;0.00024414063;0.00079345703;3.0517578e-05;0.00033569336;0;0.00039672852;0.00018310547;0.00018310547;0.00018310547;0.00021362305;0.00054931641;0;0;0.00042724609;0.00079345703;0.00036621094;0;0.00094604492;0;0;0.00064086914;0;0;0.00042724609;0.00036621094;0.00018310547;0.00033569336;0.00027465820;0.00067138672;0.00088500977;6.1035156e-05;0;9.1552734e-05;0.00045776367;0.00033569336;0.00039672852;0.00048828125;0.00054931641;0.0012817383;0;0;0.00042724609;0.00024414063;0;0.00015258789;0.00088500977;0.00024414063;0.00021362305;0.00015258789;0.00039672852;0.00054931641;0.0015258789;0.00015258789;0;0.00067138672;0.00027465820;0.00030517578;0.00061035156;0.00021362305;0.00076293945;0;0.00091552734;0;9.1552734e-05;0.00018310547;0;0.00079345703;0.00076293945;0.00076293945;0.00073242188;6.1035156e-05;0;0;0;0;0;0;0.0018005371;0.0023498535;0.0017700195;0.00024414063;0;0;0;0.00012207031;0.0023803711;0.0024719238;0.0017089844;0.00057983398;0;0;0;0;0;0.0012817383;0.0016479492;0.0013122559;0.0011901855;6.1035156e-05;0;0;0;0;0.00070190430;9.1552734e-05;0.0015258789;0.0010375977;0.00057983398;0;0;0;9.1552734e-05;0.00088500977;0.00070190430;0.00061035156;0.00085449219;0;0.00079345703;0;0;0;0;0;0.0011291504;0.0011291504;3.0517578e-05;0;0;0.00051879883;0;0.0013427734;0.0018005371;0.00088500977;0;0;0;0;0.00018310547;0.00045776367;0.00094604492;0.00097656250;0.00076293945;0.00064086914;0;0.00088500977;0;0.00027465820;0;0;0;0.00021362305;0;9.1552734e-05;0.00036621094;0.0011596680;0.0014343262;9.1552734e-05;0;0.00018310547;0;6.1035156e-05;0.00067138672;0.00015258789;0;0.00073242188;0.0013122559;0;0;0;0;0.00082397461;0.0010070801;0.0013427734;0.00045776367;0;0;0;0;0;0.0011291504;0.0011901855;0.0010681152;0;0;0;0;0.00039672852;0;0.0011901855;0.0014648438;0.00057983398;0;6.1035156e-05;0;0;0;6.1035156e-05;0.0015869141;0.0014038086;0.00024414063;0.00082397461;0.00064086914;0.00061035156;0.00048828125;0.00033569336;0.00021362305;0;0;0;0.00015258789;0;0.00033569336;0.0010375977;0.00027465820;0.00054931641;0.00067138672;0.00030517578;0;0;0.00042724609;0.00027465820;0.0010070801;0.0011291504;0.00021362305;0;0;0.00051879883;0.00012207031;0.0012817383;0.00045776367;0.00085449219;0.00024414063;0;0.00033569336;0;0;0.00085449219;0.0011291504;0.00082397461;0.00033569336;0;0;0;0;0;0.00027465820;0.00027465820;0.0014343262;0.00021362305;0.00021362305;0;0;0;0;0.00070190430;0.0012817383;0.0010986328;0.0013427734;0.00079345703;0.00033569336;0.00091552734;0.00033569336;0;0;0;0;0;9.1552734e-05;0.00021362305;0.0013732910;0.0012207031;0.0015869141;0.00012207031;0;0;0;0;0.00012207031;0;0.00061035156;0.00079345703;0.0010375977;0.0027160645;0.0049438477;0.0077514648;0.011566162;0.014617920;0.020385742;0.023040771;0.012084961;-0.021606445;0;0;-0.10748291;0;-0.098876953;0;0.082366943;0.19921875;0.28988647;0.31195068;0.24032593;0.085296631;-0.11370850;0.69165039;-0.43743896;0.56192017;-0.27929688;0.019378662;0.33026123;0.49423218;0.42013550;0.22036743;-0.020904541;0;0.55120850;-0.42861938;0;0.034088135;0.34909058;0.58593750;0.42892456;0;-0.55209351;0.43643188;0;0.34677124;0.32647705;0.0032348633;0;0.19714355;0.21206665;-0.16247559;0.59887695;0;0.13687134;0.064636230;0;0.033172607;0.19802856;0.11447144;0;-0.029266357;0.0093078613;0;0;0;0;0.00073242188;-0.037689209;0;0;0;0.051605225;0.11795044;0.14956665;0.14953613;0.098205566;0;-0.16873169;0;0;0;0.16085815;0.35580444;0.34808350;0.12445068;0;0.60928345;-0.34219360;-0.068572998;0.24246216;0.33728027;0.16329956;0;0;0;0;-0.029296875;0;0.010711670;0.077911377;0.066467285;0.0021972656;0;0.014526367;0.014801025;-0.036529541;0;-0.043945313;0;0.033233643;0.064453125;0.075408936;0.044891357;-0.012664795;-0.068328857;-0.092041016;-0.076812744;-0.037689209;0;0.033660889;0.070495605;0.10073853;0.10449219;0.071136475;0.0054016113;0;0;0;-0.12258911;0.022430420;0.18176270;0.25942993;0.18200684;-0.012969971;0;0;-0.14804077;0.049774170;0.17687988;0.15014648;0.034698486;0;0;0;-0.046600342;0;-0.037872314;0.048492432;0.082153320;0.036132813;-0.0047912598;0.0035400391;0.013580322;0;0;0;0;0.023437500;0.041137695;0.049804688;0.039245605;0.010467529;-0.030456543;-0.054199219;-0.060272217;0;-0.029022217;-0.0056457520;0.028503418;0.061035156;0.083221436;0.078277588;0.043395996;0;0;0;0;-0.061218262;0.056823730;0.15496826;0.16552734;0.077880859;-0.054534912;0;0;-0.043670654;0.061401367;0.093383789;0.054351807;0.013732910;0.0090637207;0.012756348;0;0;-0.074920654;0;0.060516357;0.051727295;0.014801025;0.0093688965;0.020751953;0;0;0;-0.015380859;0.011322021;0.026947021;0.035675049;0.036407471;0.020812988;0;0;0;-0.038513184;-0.029937744;0;0.0054931641;0.031402588;0.051361084;0.060241699;0.050048828;0.024444580;0;0;-0.098052979;-0.083557129;0;0.068115234;0.11581421;0.096710205;0.021911621;-0.058746338;0;-0.067962646;-0.0046081543;0.034271240;0.033996582;0.023345947;0.028228760;0.034332275;0.011352539;-0.046356201;-0.075195313;-0.035888672;0.025329590;0.037567139;0.015686035;0.0078430176;0.025543213;0.020904541;0;0;0;-0.0067749023;0.0056762695;0.016784668;0.027130127;0.027709961;0.014953613;-0.0045166016;-0.020996094;-0.028320313;-0.030609131;0;-0.015136719;0.0059814453;0.031433105;0.047698975;0.051605225;0.038208008;0.012786865;-0.028656006;0;-0.077026367;-0.046569824;0.013366699;0.063690186;0.076049805;0.045532227;0;-0.044799805;0;-0.027923584;0.0030822754;0.017608643;0.016754150;0.024291992;0.036102295;0.024566650;0;-0.062500000;-0.051177979;0;0.030822754;0.023132324;0.014556885;0.025543213;0.029510498;0.0042724609;-0.029876709;0;0;0;0.0037231445;0.018981934;0.030456543;0.026428223;0.012878418;-0.0054321289;0;0;0;0;-0.013732910;0.0030517578;0.023590088;0.035461426;0.038543701;0.029510498;0.0083312988;-0.027435303;-0.052642822;-0.053497314;-0.023315430;0.019531250;0.047271729;0.050201416;0.027008057;0;-0.030639648;-0.028411865;0;0;0;0.015747070;0.034729004;0.037292480;0.010955811;0;-0.044891357;-0.019592285;0.010864258;0.012756348;0.0012207031;0.010253906;0.025390625;0.015106201;-0.014556885;-0.022705078;0;0.0063171387;0.0068359375;0.0081787109;0.010406494;0.0071716309;0.00045776367;0;-0.0041809082;0;-0.014495850;0;0;0;0.0099487305;0.025817871;0.033325195;0.029205322;0.017700195;-0.0074462891;0;0;0;-0.0049438477;0.025665283;0.039001465;0.034637451;0.017395020;-0.0061950684;0;-0.020751953;0;0;-0.0051879883;0.020019531;0.035552979;0.027221680;0;-0.027770996;-0.023223877;-0.0053405762;0.00079345703;-0.0067138672;0;0.020141602;0.023071289;0.0022277832;0;-0.012176514;0;0.0034484863;0.0032348633;